"TOA5","REnPM01","CR1000","76101","CR1000.Std.32.02","CPU:Prototipo_Braselco_PM_01_V8.CR1","45455","PM01_"
"TIMESTAMP","RECORD","B_15_Avg","B_15_Std","B_15_Max","B_15_Min","T_15_Avg","T_15_Std","T_15_Max","T_15_Min","U_15_Avg","U_15_Std","U_15_Max","U_15_Min","AN_120_1_Avg","AN_120_1_Max","AN_120_1_Min","AN_120_1_Std","WV_100_Avg","WV_100_Std","WV_100_Max","WV_100_Min","AN_120_2_Avg","AN_120_2_Max","AN_120_2_Min","AN_120_2_Std","AN_100_Avg","AN_100_Max","AN_100_Min","AN_100_Std","WV_80_Avg","WV_80_Std","WV_80_Max","WV_80_Min","AN_80_Avg","AN_80_Max","AN_80_Min","AN_80_Std","AN_60_1_Avg","AN_60_1_Max","AN_60_1_Min","AN_60_1_Std","AN_60_2_Avg","AN_60_2_Max","AN_60_2_Min","AN_60_2_Std","Bat12V_Avg","Bat12V_Max","Bat12V_Min"
"TS","RN","mbar","mbar","mbar","mbar","oC","oC","oC","oC","%RH","%RH","%RH","%RH","m/s","m/s","m/s","m/s","Deg","Deg","Deg","Deg","m/s","m/s","m/s","m/s","m/s","m/s","m/s","m/s","Deg","Deg","Deg","Deg","m/s","m/s","m/s","m/s","","","","","","","","","Volts","Volts","Volts"
"","","Avg","Std","Max","Min","Avg","Std","Max","Min","Avg","Std","Max","Min","Avg","Max","Min","Std","WVc","WVc","Max","Min","Avg","Max","Min","Std","Avg","Max","Min","Std","WVc","WVc","Max","Min","Avg","Max","Min","Std","Avg","Max","Min","Std","Avg","Max","Min","Std","Avg","Max","Min"
"2018-10-01 00:10:00",28502,956,0.227,957,956,19.06,0.122,19.2,18.79,83.7,0.557,85,83,14.27,15.12,13,0.324,145.2,2.231,151.5,140,13.98,14.74,12.93,0.349,13.42,14.51,11.89,0.539,331.9,2.756,341.3,323.7,11.71,13.95,9.42,0.884,10.69,12.81,8.22,0.843,10.35,12.41,7.878,0.854,12.85,12.86,12.81
"2018-10-01 00:20:00",28503,956,0.252,957,956,18.39,0.223,18.79,18.11,87.3,1.342,89.3,84.9,13.39,14.71,11.24,0.572,151.4,2.38,163.5,143.9,13.38,14.27,12.38,0.355,12.18,13.68,10.78,0.452,339.6,3.785,353.5,329.2,10.23,12.44,7.914,0.709,8.8,11.3,5.183,1.262,8.96,10.9,6.369,0.8,12.85,12.86,12.8
"2018-10-01 00:30:00",28504,956,0.263,957,956,18,0.074,18.11,17.9,90.2,0.56,91.2,89.1,12.48,14.06,10.83,0.491,155.3,2.172,166.3,148.1,13.74,14.35,12.3,0.293,13.07,14.19,10.78,0.611,343.9,2.176,353.7,337,11.52,12.44,9.42,0.806,8.42,11.57,6.195,1.048,10.34,12.41,7.878,0.957,12.84,12.86,12.81
"2018-10-01 00:40:00",28505,956,0.241,956,956,18.17,0.029,18.24,18.11,89.8,0.217,90.4,89.5,12.93,14.34,11.43,0.672,153.4,1.355,160.2,150.3,13.79,14.19,13.09,0.191,13.52,14.14,12.53,0.247,341.7,1.797,349.3,339,12.46,13.2,10.93,0.397,10.13,12.86,7.114,1.505,11.36,12.41,10.14,0.48,12.84,12.86,12.81
"2018-10-01 00:50:00",28506,956,0.313,956,955,18.25,0.067,18.38,18.17,89.4,0.264,89.7,88.6,12.87,13.97,11.48,0.627,156.6,1.536,161.4,153.7,13.21,13.8,12.54,0.329,13.1,13.54,12.58,0.164,345.4,1.363,350.1,342,12.08,12.44,10.93,0.382,7.791,9.6,7.022,0.351,10.94,11.65,10.14,0.395,12.84,12.85,12.81
"2018-10-01 01:00:00",28507,955,0.319,956,955,18.25,0.098,18.38,18.04,89,0.353,89.7,88.4,11.19,12.81,9.17,0.854,166,3.45,171.9,160.4,12.66,13.01,12.3,0.159,12.81,13.59,10.92,0.364,354.7,13.28,358.7,0.662,11.75,12.44,10.18,0.391,10.3,12.08,7.436,0.95,10.71,11.65,9.39,0.447,12.84,12.84,12.81
"2018-10-01 01:10:00",28508,955,0.288,956,954,18,0.041,18.1,17.9,90.3,0.29,90.8,89.6,9.63,11.52,8.57,0.465,172.3,1.642,176,165.4,13.06,13.48,12.69,0.16,11.51,13.54,10.37,0.817,357.5,13.85,358.7,0.662,12.3,13.2,10.93,0.42,11.58,13,9.87,0.456,11.34,12.41,10.14,0.544,12.84,12.85,12.8
"2018-10-01 01:20:00",28509,955,0.247,956,954,17.83,0.059,17.97,17.63,91,0.246,91.7,90.4,10.72,11.98,9.12,0.414,179.9,3.474,189.8,165.4,12.45,13.32,11.67,0.4,10.78,13.59,9.08,1.212,6.944,18.64,358.7,0.662,11.71,13.2,10.18,0.598,10.95,12.54,9.46,0.595,10.62,12.41,9.39,0.656,12.83,12.84,12.8
"2018-10-01 01:30:00",28510,955,0.265,956,954,17.79,0.157,17.97,17.56,91.5,0.91,93.3,90.2,11.42,13.18,9.54,0.694,185.1,1.592,191.2,180.4,12.96,13.56,12.06,0.319,12.56,13.59,10.92,0.628,11.32,3.127,21.76,6.353,11.7,13.2,10.18,0.963,11.3,13.55,9.04,1.22,11.01,13.16,8.63,1.223,12.83,12.84,12.66
"2018-10-01 01:40:00",28511,955,0.264,956,954,17.72,0.038,17.77,17.63,91.6,0.127,91.9,91,12.18,14.06,10.23,0.916,189.6,3.983,202.8,181.1,13.05,13.88,11.67,0.33,12.49,13.41,11.11,0.463,16.6,3.513,26.03,7.531,11.36,12.44,10.18,0.536,10.78,12.26,8.81,0.503,10.51,11.65,8.63,0.583,12.83,12.84,12.79
"2018-10-01 01:50:00",28512,955,0.252,955,954,17.47,0.066,17.63,17.42,92.6,0.489,93.4,91.6,13.15,15.21,8.06,1.427,189.4,3.464,199.1,180.4,14.2,15.69,12.77,0.585,13.27,15.89,10.65,0.719,14.12,3.439,23.13,2.772,12.12,14.7,10.18,0.808,11.54,14.19,9.55,0.865,11.29,13.91,9.39,0.87,12.83,12.83,12.79
"2018-10-01 02:00:00",28513,954,0.234,955,954,17.52,0.034,17.56,17.43,92.9,0.136,93.2,92.6,13.35,15.77,8.38,1.086,187.8,2.278,195,180.4,14.53,15.61,12.46,0.551,13.66,15.25,11.57,0.646,12.09,2.28,19.5,4.783,12.31,13.95,10.93,0.673,12.04,13.5,10.56,0.486,11.73,13.16,10.14,0.551,12.82,12.83,12.79
"2018-10-01 02:10:00",28514,954,0.242,955,954,17.48,0.023,17.56,17.42,93,0.147,93.5,92.7,14.9,16.51,11.85,0.824,188.2,1.78,195.1,181.4,15.43,16.79,13.95,0.488,14.53,16.03,11.89,0.619,11.87,1.997,19.89,7.04,13.04,14.7,10.93,0.676,12.7,14.15,11.39,0.493,12.33,13.91,10.9,0.571,12.82,12.83,12.79
"2018-10-01 02:20:00",28515,954,0.294,955,953,17.42,0.005,17.49,17.42,93.5,0.114,93.8,93.2,15.15,16.97,11.24,0.697,191.8,3.33,199.3,182.2,15.16,16.71,13.4,0.649,14.32,16.07,12.26,0.659,15.64,3.68,23.62,5.667,12.98,14.7,10.93,0.742,12.69,14.7,10.79,0.725,12.4,14.67,10.9,0.791,12.81,12.82,12.78
"2018-10-01 02:30:00",28516,953,0.295,954,953,17.43,0.024,17.49,17.36,93.3,0.23,93.8,92.8,16.33,17.75,14.98,0.516,197.7,2.018,206.3,191.8,16.08,17.5,14.82,0.505,15.69,17.5,13.91,0.585,21.58,2.059,29.51,14.89,14.54,16.21,12.44,0.656,14.12,15.85,11.94,0.663,13.87,16.18,11.65,0.725,12.81,12.82,12.78
"2018-10-01 02:40:00",28517,953,0.274,954,952,17.3,0.026,17.42,17.29,93.6,0.183,93.9,93.1,16.67,17.71,15.26,0.38,197.6,1.918,204.9,192.5,16.38,17.34,15.22,0.361,16.02,17.59,14.6,0.445,21.46,2.268,28.97,13.96,14.85,16.21,13.2,0.611,14.51,16.17,12.91,0.584,14.23,16.18,12.41,0.671,12.81,12.82,12.77
"2018-10-01 02:50:00",28518,953,0.289,954,952,17.34,0.03,17.36,17.29,93.1,0.243,93.8,92.7,16.84,18.35,15.21,0.49,196.3,1.696,203.3,191.4,16.53,17.82,14.98,0.483,16.18,18.01,13.87,0.569,19.17,2.142,27.7,11.7,15.06,16.97,12.44,0.73,14.74,17.41,11.89,0.933,14.5,17.69,11.65,0.95,12.81,12.82,12.78
"2018-10-01 03:00:00",28519,953,0.275,954,952,17.29,0.02,17.36,17.29,92.7,0.117,93,92.4,17.75,18.91,15.54,0.573,195.7,2.031,204.8,191.6,17.41,18.53,15.45,0.542,16.88,18.33,14.37,0.725,18.39,2.464,27.5,12.04,15.7,17.72,13.2,0.745,15.42,17.5,13.27,0.823,15.12,17.69,13.16,0.839,12.8,12.81,12.77
"2018-10-01 03:10:00",28520,953,0.294,954,952,17.31,0.029,17.36,17.29,92.3,0.176,92.6,91.9,17.37,18.45,15.86,0.428,194.2,1.854,199.8,188.5,17.05,17.97,15.77,0.414,16.47,17.78,14.69,0.6,16.62,2.172,27.5,10.77,15.48,16.97,13.2,0.705,15.44,17.18,13.04,0.674,15.1,16.93,12.41,0.715,12.8,12.81,12.77
"2018-10-01 03:20:00",28521,953,0.286,954,952,17.34,0.038,17.43,17.29,91.9,0.226,92.6,91.4,17.31,19.55,11.98,0.907,191.3,3,203.1,178.6,17.11,19.39,13.56,0.817,16.41,19.25,13.13,1.067,13.63,2.846,24.06,6.55,15.15,18.48,12.44,1.085,14.98,18.28,12.45,1.004,14.61,17.69,12.41,1.018,12.8,12.81,12.71
"2018-10-01 03:30:00",28522,954,0.356,955,953,17.32,0.034,17.36,17.22,92,0.195,92.5,91.5,16.7,18.26,10.04,0.988,188.8,3.133,203.3,181.5,16.62,17.97,13.56,0.69,15.87,17.91,12.62,0.952,10.76,2.939,19.7,1.644,14.71,16.97,11.69,0.912,14.63,16.86,11.57,1.005,14.25,16.93,10.9,1.017,12.8,12.81,12.63
"2018-10-01 03:40:00",28523,955,0.373,956,954,17.23,0.021,17.29,17.15,92.7,0.179,93.2,92.3,13.37,17.62,7.644,2.368,183.7,3.839,192.1,168.8,14.53,17.5,10.64,1.459,13.01,16.86,7.426,2.319,6.041,8.29,358.7,0.662,12.97,16.21,9.42,1.47,12.5,16.45,7.206,1.825,12.36,16.18,9.39,1.515,12.79,12.8,12.76
"2018-10-01 03:50:00",28524,955,0.475,956,954,17.29,0.063,17.43,17.15,92.9,0.189,93.1,92.4,9.06,14.52,2.198,2.988,176.2,12.75,194.9,55.76,10.38,14.74,2.527,3.362,8.56,13.87,1.768,2.598,357.4,19.01,358.7,0.662,9.09,13.95,1.124,3.01,7.993,13.41,1.046,3.16,8.49,13.16,0,3.241,12.79,12.8,12.76
"2018-10-01 04:00:00",28525,956,0.245,957,956,17.36,0.019,17.43,17.35,92.4,0.073,92.6,92.2,2.121,4.644,0,0.858,68.74,69.55,356.5,0.76,1.899,4.418,0,0.938,2.076,5.632,0.526,0.807,221.9,63.01,358.3,1.153,1.706,4.896,0,1.173,2.422,4.632,0,1.202,2.091,4.86,0,1.368,12.79,12.8,12.75
"2018-10-01 04:10:00",28526,956,0.247,957,956,17.54,0.079,17.63,17.36,91.8,0.591,92.6,90.9,2.348,5.798,0,1.2,133.1,72.22,357.6,0.76,2.235,6.152,0,1.226,2.275,5.08,0.388,0.93,15.93,72.17,358.7,0.859,1.651,4.896,0,1.172,2.118,4.31,0,0.899,1.376,4.106,0,1.123,12.78,12.8,12.72
"2018-10-01 04:20:00",28527,956,0.26,957,955,17.55,0.112,17.77,17.42,91.6,0.402,92.3,90.8,4.042,7.921,0.767,1.511,220.8,37.91,347.2,156,3.875,7.728,0.478,1.573,3.69,6.828,0.756,1.274,51.34,42.8,358.3,3.41,3.269,5.651,0,1.334,3.678,6.47,1.368,1.215,3.332,6.369,0,1.388,12.78,12.79,12.76
"2018-10-01 04:30:00",28528,956,0.247,956,956,17.8,0.053,17.9,17.63,90.3,0.389,91,89.5,3.48,7.46,1.09,1.768,237.5,31.45,343.4,6.206,3.25,7.571,0.635,1.807,3.471,7.61,0.572,1.812,75.33,39.71,168.2,9.79,2.854,7.16,0,1.885,3.21,6.792,1.23,1.522,2.748,7.124,0,1.801,12.78,12.79,12.74
"2018-10-01 04:40:00",28529,956,0.269,956,955,17.7,0.127,17.9,17.56,90.9,0.45,91.6,90.1,5.853,8.8,2.428,1.372,205.2,13.26,246,173.5,5.773,8.67,2.133,1.401,5.404,8.16,2.412,1.337,30.43,15.75,107.6,4.293,4.663,7.914,0,1.48,4.587,6.654,1.184,1.553,4.289,7.124,0,1.653,12.78,12.79,12.74
"2018-10-01 04:50:00",28530,956,0.352,956,955,17.89,0.117,18.04,17.63,89.7,0.362,90.4,89.2,4.501,7.644,1.782,1.506,224,16.21,259.9,191.4,4.285,7.728,1.739,1.545,4.369,7.426,1.722,1.478,53.53,20.61,107.9,19.89,3.96,6.405,1.878,1.252,4.041,6.47,1.965,1.133,3.798,6.369,1.088,1.176,12.78,12.79,12.74
"2018-10-01 05:00:00",28531,956,0.249,957,956,17.49,0.066,17.63,17.42,91.7,0.688,92.5,90.4,3.327,4.459,2.382,0.492,219.1,27.48,286,41.09,3.176,4.733,2.054,0.586,3.422,4.436,2.412,0.521,48.26,32.29,153,5.176,3.123,4.896,0,0.812,3.236,4.632,1.69,0.876,2.901,4.86,1.088,0.966,12.77,12.78,12.6
"2018-10-01 05:10:00",28532,957,0.208,957,956,17.59,0.048,17.63,17.42,91.9,0.309,92.4,91.2,2.439,4.182,1.274,0.736,205.8,58.54,357.6,0.76,2.379,4.576,0.399,1.196,2.678,4.436,0.848,0.877,28.18,63.28,358.7,1.104,2.487,4.896,0,1.444,3.001,4.999,0.494,1.177,2.593,4.86,0,1.481,12.77,12.78,12.73
"2018-10-01 05:20:00",28533,957,0.256,958,956,17.2,0.086,17.43,17.08,92.9,0.804,93.8,91.3,1.992,4.275,0.859,1.006,56.33,29.21,357.1,2.527,1.642,4.182,0,1.155,2.287,4.62,0.894,1.01,229.8,26.28,295.1,186.3,1.776,4.896,0,1.621,2.587,5.229,1.184,1.166,2.159,5.615,0,1.444,12.77,12.78,12.73
"2018-10-01 05:30:00",28534,957,0.291,957,956,17.32,0.098,17.49,17.15,93.6,0.184,93.9,93.1,1.741,3.167,1.182,0.437,139.4,26.38,206,89.3,1.391,2.605,0.635,0.46,1.383,2.412,0.526,0.421,313.6,23.64,358.5,1.153,0.181,1.878,0,0.451,1.196,2.195,0.356,0.513,0.377,1.842,0,0.599,12.77,12.78,12.72
"2018-10-01 05:40:00",28535,957,0.228,958,957,17.61,0.054,17.7,17.49,92.2,0.409,93.1,91.4,3.459,5.06,2.105,0.715,140.1,23.02,183.6,92.6,3.444,5.127,1.739,0.874,3.179,4.988,1.722,0.847,318.4,22.3,355,278.8,2.269,4.142,0,0.946,2.387,3.344,1.506,0.493,1.902,3.351,0,0.691,12.77,12.78,12.72
"2018-10-01 05:50:00",28536,958,0.259,958,957,17.59,0.081,17.7,17.43,91.6,0.297,92.3,91.2,4.999,7.091,3.121,0.863,161.8,4.049,176,147.9,5.345,7.413,3.551,0.854,5.229,6.782,3.654,0.765,343.8,3.856,354.6,329.9,4.451,6.405,1.878,0.887,4.304,6.241,2.379,0.924,4.04,6.369,1.842,1.02,12.76,12.77,12.71
"2018-10-01 06:00:00",28537,958,0.333,959,957,17.55,0.061,17.63,17.43,92.2,0.228,92.7,91.8,5.167,7.137,3.813,0.658,144.3,19.01,175.9,106.8,5.211,7.492,3.315,0.893,5.118,7.196,3.746,0.703,324.9,20.17,352.7,288.8,4.499,6.405,2.633,0.709,4.395,5.873,3.299,0.574,4.223,6.369,2.597,0.682,12.76,12.77,12.73
"2018-10-01 06:10:00",28538,958,0.335,959,957,17.24,0.116,17.43,17.02,93.6,0.675,94.8,92.5,8.61,9.49,6.537,0.712,103.7,4.077,113,94.8,8.61,9.46,6.467,0.721,8.45,9.54,6.046,0.803,285.9,3.682,294.7,278.3,8.25,10.18,5.651,0.896,8.39,9.64,5.781,0.867,8.24,9.39,5.615,0.914,12.76,12.77,12.72
"2018-10-01 06:20:00",28539,959,0.349,960,958,16.91,0.07,17.08,16.81,95.8,0.54,96.6,94.8,10.3,11.94,8.75,0.719,103.1,2.665,108.8,97.9,10.29,12.14,8.52,0.718,10.15,11.98,8.62,0.756,286.4,2.795,291.6,281.1,10.01,11.69,7.914,0.853,10.13,12.08,8.68,0.701,9.96,12.41,7.878,0.784,12.76,12.77,12.73
"2018-10-01 06:30:00",28540,959,0.529,960,957,16.63,0.151,16.81,16.27,96.8,0.298,97.2,95.9,11.81,14.57,7.921,1.34,100.5,20.23,131.8,60.22,12.06,15.22,7.413,1.5,11.22,14.23,7.15,1.495,284.9,21.76,319.6,240.7,10.57,14.7,5.651,1.679,9.77,12.95,5.045,1.841,9.67,13.16,4.86,1.77,12.75,12.77,12.72
"2018-10-01 06:40:00",28541,959,0.528,960,957,16.13,0.061,16.34,16.06,97.5,0.433,98.1,96.5,11.56,14.75,7.46,1.703,74.11,4.887,88.1,60.37,11.66,15.37,7.413,1.858,10.93,15.2,7.058,1.662,258,5.952,272.9,236.5,10.16,13.95,6.405,1.545,9.41,12.95,6.057,1.547,9.38,13.16,5.615,1.604,12.75,12.77,12.71
"2018-10-01 06:50:00",28542,959,0.238,960,958,15.98,0.053,16.06,15.93,98.2,0.122,98.5,98,9.8,11.24,7.552,0.802,83.2,5.445,97.3,60.91,9.9,11.35,7.571,0.813,9.22,10.83,5.908,0.863,267,6.547,277.1,239,8.61,10.18,5.651,0.915,8.05,9.83,4.999,0.941,8,10.14,4.86,0.961,12.75,12.76,12.7
"2018-10-01 07:00:00",28543,959,0.259,960,959,15.88,0.029,15.93,15.86,98.7,0.096,98.8,98.5,9.12,11.11,7.414,0.79,81.5,2.977,96.8,72.88,9.14,11.43,7.098,0.841,8.62,10.6,6.92,0.832,268.5,3.127,282.2,260.1,7.818,10.18,6.405,0.797,7.212,9.32,5.873,0.679,7.083,9.39,5.615,0.758,12.75,12.76,12.71
"2018-10-01 07:10:00",28544,960,0.294,960,959,15.87,0.027,15.93,15.86,98.8,0.038,98.9,98.7,10.86,14.25,7.783,1.681,74.01,7.389,91.8,58.75,10.95,14.43,7.807,1.693,10.06,12.99,7.288,1.662,260.3,7.448,276.9,243.5,9.07,11.69,6.405,1.421,8.38,10.65,6.562,1.181,8.28,10.9,6.369,1.211,12.75,12.76,12.71
"2018-10-01 07:20:00",28545,960,0.27,960,959,16.01,0.085,16.2,15.93,98.8,0.127,98.9,98.5,11.62,13.69,9.77,0.769,66.87,3.541,80.4,58.07,11.76,14.03,9.93,0.868,11.01,13.18,8.94,0.821,251.5,3.85,268.6,240.6,10.27,12.44,7.914,0.869,9.63,12.03,6.608,0.933,9.62,12.41,6.369,0.931,12.75,12.76,12.71
"2018-10-01 07:30:00",28546,959,0.261,960,959,16.2,0.005,16.27,16.2,98.1,0.137,98.5,97.9,11.31,13.92,9.44,1.05,64.64,4.237,74.35,53.94,11.43,14.11,9.46,1.064,10.58,12.95,7.564,1.169,248.9,4.498,261.2,236.8,9.96,12.44,7.16,1.257,9.31,11.8,6.746,1.294,9.29,12.41,6.369,1.319,12.74,12.76,12.65
"2018-10-01 07:40:00",28547,959,0.234,960,959,16.16,0.039,16.2,16.06,97.9,0.063,98.1,97.8,12.24,14.01,9.72,0.869,57.44,3.383,66.9,50.02,12.45,14.03,8.83,0.949,11.14,12.85,9.31,0.79,240.7,3.156,252.2,232.2,10.09,12.44,7.914,0.711,8.83,10.7,6.884,0.666,8.85,10.9,7.124,0.707,12.74,12.76,12.65
"2018-10-01 07:50:00",28548,960,0.317,961,959,16.05,0.029,16.13,15.99,97.9,0.1,98.1,97.6,6.796,10.88,3.213,2.1,83.6,16,133.7,56.84,6.693,10.88,3.078,2.127,5.787,10.32,2.274,2.292,276.6,24.19,346.4,241.1,4.641,10.18,0,2.762,3.94,8.4,0.724,2.325,3.623,8.63,0,2.577,12.74,12.75,12.64
"2018-10-01 08:00:00",28549,960,0.245,960,959,15.91,0.041,16,15.86,98.2,0.093,98.4,97.9,7.413,9.17,5.198,0.695,66.75,6.967,86.1,42.02,7.367,9.3,5.206,0.737,6.4,8.53,3.838,0.847,251.5,10.05,291.5,215.5,5.138,7.16,1.878,1.145,4.148,6.608,1.322,1.143,4.024,7.124,1.088,1.324,12.74,12.75,12.63
"2018-10-01 08:10:00",28550,959,0.255,960,959,16,0.037,16.06,15.86,97.9,0.18,98.3,97.6,8.64,10.41,5.336,1.104,77.51,6.189,98.5,47.76,8.73,10.8,5.049,1.18,7.777,9.86,3.792,1.394,261.3,7.036,278.5,229.9,6.825,9.42,3.387,1.525,6.196,8.59,3.344,1.39,6.065,8.63,2.597,1.427,12.74,12.75,12.71
"2018-10-01 08:20:00",28551,959,0.247,960,959,16.07,0.01,16.13,16,97.2,0.204,97.6,96.8,12.28,13.51,9.49,0.903,73.88,2.311,80.8,66.16,12.45,13.64,9.86,0.922,11.46,13.36,8.21,1.108,257.2,2.295,265,248.2,10.5,13.2,7.914,1.177,9.69,11.76,7.252,1.047,9.6,11.65,7.124,1.086,12.74,12.75,12.68
"2018-10-01 08:30:00",28552,959,0.236,960,959,16.07,0.023,16.13,16.06,96.3,0.294,96.8,95.8,12.83,13.37,12.4,0.184,70.66,1.802,73.96,67.78,13.02,13.48,12.69,0.171,12.76,13.22,12.39,0.144,254.9,1.437,257.4,252.4,12.54,13.2,11.69,0.318,12.24,12.95,11.16,0.299,12.16,13.16,10.9,0.435,12.74,12.75,12.71
"2018-10-01 08:40:00",28553,960,0.333,961,959,16.13,0.068,16.27,16,95.1,0.375,95.9,94.6,11.81,13.65,10.74,0.473,77.06,3.624,85.2,69.6,11.94,14.03,10.8,0.511,11.53,12.85,10.46,0.464,261.8,3.797,269.1,254.5,11.33,13.2,10.18,0.581,11.1,12.81,9.69,0.705,11.03,13.16,9.39,0.772,12.73,12.75,12.7
"2018-10-01 08:50:00",28554,960,0.337,961,960,15.87,0.048,16,15.79,96,0.371,96.7,95.3,11.88,13.6,11.2,0.376,83.3,2.732,88.9,76.32,11.97,13.8,11.27,0.388,11.49,12.58,10.78,0.363,267.2,2.75,272.9,261,11.05,12.44,10.18,0.424,10.66,11.3,9.64,0.258,10.56,11.65,9.39,0.404,12.73,12.75,12.69
"2018-10-01 09:00:00",28555,961,0.288,962,960,15.71,0.042,15.79,15.66,97,0.204,97.3,96.6,12.01,13.6,10.23,0.518,89.6,3.196,97.6,81.4,12.14,14.19,10.8,0.556,11.37,13.18,9.54,0.581,272.9,3.08,282.6,266.1,10.67,12.44,7.914,0.797,9.83,11.34,7.252,0.797,9.82,11.65,7.124,0.853,12.73,12.74,12.69
"2018-10-01 09:10:00",28556,960,0.495,961,959,15.65,0.018,15.72,15.59,97.2,0.087,97.3,96.9,11.9,14.29,7.921,1.74,80.1,9.46,98.7,58.41,12.09,14.58,8.2,1.761,10.96,13.73,7.38,1.478,265.1,8.79,281.9,246.1,10.06,12.44,7.16,1.196,9.07,11.25,6.424,0.908,9.02,10.9,6.369,0.916,12.73,12.74,12.7
"2018-10-01 09:20:00",28557,958,1.259,960,956,15.78,0.048,15.86,15.66,96.2,0.577,97.1,95.1,7.464,9.91,4.506,1.706,346.6,39.85,357.6,0.76,7.6,9.93,4.576,1.7,7.586,10.23,4.942,1.702,168,42.11,249.3,120.5,7.621,10.93,4.142,1.798,7.707,10.38,5.183,1.622,7.734,10.9,4.106,1.796,12.74,12.76,12.7
"2018-10-01 09:30:00",28558,957,0.333,958,956,15.62,0.102,15.86,15.45,95.8,0.51,96.6,94.6,9.7,11.11,7.368,0.783,302.4,7.946,323.4,292,9.7,10.8,7.571,0.719,9.61,10.88,7.426,0.823,124.5,8.35,147.9,115.1,9.29,10.93,6.405,0.837,8.9,10.42,5.781,0.85,8.96,10.9,5.615,0.901,12.76,12.77,12.72
"2018-10-01 09:40:00",28559,957,0.26,958,957,15.92,0.04,16,15.86,93.5,0.462,94.6,92.8,8.12,10.04,5.937,0.932,309.4,6.946,322.5,272.3,8.25,10.25,5.6,0.943,8.32,10.14,6.322,0.895,133.1,5.881,145.2,116.9,8.4,10.18,6.405,0.821,8.03,9.83,6.333,0.716,8.09,10.14,6.369,0.808,12.76,12.77,12.7
"2018-10-01 09:50:00",28560,958,0.34,959,957,15.73,0.103,15.86,15.59,94.3,0.784,95.5,93.2,6.576,9.26,4.044,0.996,256.4,19.23,302.3,212.1,6.452,9.3,4.339,0.997,6.243,8.39,4.344,0.831,78.93,23.24,127.4,31.87,5.726,7.16,3.387,0.822,5.538,7.344,3.712,0.74,5.379,7.878,3.351,0.858,12.74,12.76,12.7
"2018-10-01 10:00:00",28561,959,0.356,959,958,15.53,0.023,15.59,15.52,96.1,0.314,96.6,95.5,7.239,8.61,6.029,0.539,222.7,7.113,243.3,208.8,7.096,8.75,5.679,0.605,6.996,7.932,5.034,0.445,42.64,7.661,60.42,24.7,6.508,7.914,4.896,0.555,6.194,7.85,4.54,0.631,5.953,7.878,4.106,0.678,12.73,12.75,12.7
"2018-10-01 10:10:00",28562,959,0.231,960,958,15.46,0.041,15.52,15.38,97.2,0.346,97.8,96.6,7.675,9.12,6.629,0.434,220,3.076,229.1,212.1,7.582,8.99,6.31,0.452,7.38,8.71,6.414,0.434,41.47,4.959,53.75,27.7,6.361,7.914,4.896,0.668,5.335,6.746,4.034,0.538,5.109,7.124,3.351,0.635,12.73,12.74,12.7
"2018-10-01 10:20:00",28563,959,0.26,960,959,15.38,0.021,15.38,15.32,98.2,0.242,98.6,97.7,7.859,10.18,6.306,0.899,208.9,4.852,221.3,195.2,7.787,10.25,6.152,0.917,7.065,9.96,5.356,0.922,30.36,5.148,42.86,15.14,5.851,8.67,4.142,0.953,5.286,7.436,3.804,0.793,5.071,7.124,3.351,0.859,12.73,12.74,12.7
"2018-10-01 10:30:00",28564,960,0.282,961,959,15.29,0.032,15.38,15.25,98.8,0.137,99.1,98.6,7.314,9.72,5.383,0.897,204.3,4.927,221.9,190.9,7.198,9.62,5.285,0.927,6.413,8.71,5.126,0.72,30.63,6.365,46.78,8.66,5.472,7.914,4.142,0.708,5.106,6.47,3.85,0.533,4.81,6.369,3.351,0.626,12.73,12.73,12.69
"2018-10-01 10:40:00",28565,960,0.326,961,959,15.25,0.004,15.32,15.25,99.2,0.077,99.4,99.1,5.41,6.721,2.382,0.978,198.4,9.92,218.3,171.7,5.357,6.704,3.63,0.801,4.456,5.54,2.688,0.741,22.6,15.62,358.7,1.545,4.041,5.651,2.633,0.679,3.781,5.413,2.103,0.63,3.435,5.615,1.842,0.67,12.73,12.74,12.7
"2018-10-01 10:50:00",28566,960,0.786,961,958,15.25,0.008,15.31,15.18,99.4,0.077,99.6,99.1,5.719,8.75,3.675,1.028,217.4,17.61,250.6,176.1,5.581,8.52,3.63,1.045,4.849,7.978,2.412,1.319,41.24,23.19,358.3,1.055,3.97,7.914,1.878,1.558,3.516,7.068,1.736,1.584,3.176,7.124,1.088,1.74,12.74,12.76,12.56
"2018-10-01 11:00:00",28567,958,0.594,960,957,15.17,0.027,15.25,15.11,99.5,0.202,99.9,98.9,6.845,9.4,4.552,1.312,249.5,9.13,278.3,221.6,6.675,9.3,4.024,1.375,6.239,19.16,3.884,1.454,83.6,12.14,122.2,51.88,5.487,8.67,2.633,1.405,4.937,7.574,2.057,1.333,4.795,7.878,1.088,1.47,12.76,12.77,12.7
"2018-10-01 11:10:00",28568,960,0.445,961,959,15.31,0.083,15.52,15.18,99.6,0.115,99.8,99.4,3.774,6.075,2.151,0.657,178.9,32.11,256.5,130.9,3.599,5.837,2.448,0.628,3.668,5.034,2.366,0.572,0.75,39.16,358.7,1.055,3.116,4.142,1.124,0.64,2.708,4.448,1.23,0.856,2.338,4.106,0,1.009,12.75,12.76,12.72
"2018-10-01 11:20:00",28569,960,0.294,961,960,15.57,0.058,15.72,15.45,99.1,0.295,99.8,98.7,6.268,8.15,4.413,0.835,154.5,4.757,163.6,139.4,6.4,7.886,4.339,0.853,6.25,7.656,4.344,0.798,336.1,6.574,346.4,315.7,5.709,7.914,3.387,0.854,5.679,7.482,4.08,0.831,5.387,7.124,3.351,0.897,12.77,12.79,12.72
"2018-10-01 11:30:00",28570,961,0.328,961,960,15.58,0.049,15.66,15.52,98.5,0.162,98.9,98.3,9.57,11.11,7.644,0.825,154.9,2.378,161,145.7,9.74,10.96,7.728,0.721,9.44,11.06,7.564,0.76,338.8,2.567,346,330.8,8.62,10.93,7.16,0.733,8.27,9.87,7.022,0.556,8,9.39,6.369,0.633,12.8,12.84,12.75
"2018-10-01 11:40:00",28571,960,0.412,961,959,15.56,0.05,15.66,15.52,98.6,0.098,98.8,98.3,6.327,9.81,4.044,1.594,161.7,5.875,171.2,149.3,6.73,10.17,5.206,1.424,7.097,10.28,5.402,1.359,345.2,5.774,354.6,333.1,6.877,10.18,4.896,1.5,6.375,10.15,3.85,1.852,6.817,10.14,4.86,1.354,12.88,12.93,12.81
"2018-10-01 11:50:00",28572,960,0.25,960,959,15.72,0.02,15.79,15.66,98.2,0.181,98.6,97.9,4.041,5.983,2.382,0.568,178.8,5.315,191.7,164.5,4.262,6.073,3.236,0.679,4.084,6.552,2.734,0.814,358.8,15.96,358.7,0.662,4.576,6.405,3.387,0.762,3.923,6.287,2.931,0.658,4.578,6.369,3.351,0.699,12.97,13.01,12.89
"2018-10-01 12:00:00",28573,959,0.316,960,959,15.71,0.032,15.79,15.65,98.3,0.135,98.6,98.1,4.033,5.844,1.967,1.11,159.7,5.698,177.7,146.1,4.013,6.073,1.66,1.251,4.606,6.414,2.136,1.249,340,4.774,353.2,329.5,4.429,6.405,1.124,1.471,4.55,6.562,2.655,1.169,4.296,6.369,1.842,1.34,13.04,13.09,12.98
"2018-10-01 12:10:00",28574,959,0.24,960,958,15.8,0.083,16,15.59,97.9,0.316,98.3,97.2,2.334,2.613,1.967,0.129,174.3,16.19,199.7,145.8,2.086,2.448,1.739,0.144,2.485,9.22,1.584,0.743,356,17.41,358.7,0.662,1.612,2.633,0,0.455,2.639,3.023,1.736,0.246,2.034,2.597,1.088,0.367,13.08,13.1,13.04
"2018-10-01 12:20:00",28575,959,0.274,959,958,16.11,0.093,16.27,15.93,96.7,0.208,97.2,96.4,1.565,2.521,0.628,0.448,140.9,18.1,184,121.6,1.297,2.29,0.399,0.462,1.642,2.32,0.802,0.363,324.9,23.63,358.7,0.662,0.404,1.878,0,0.579,1.425,2.471,1.184,0.201,0.252,1.842,0,0.514,13.19,13.25,13.07
"2018-10-01 12:30:00",28576,958,0.377,959,957,16.51,0.134,16.81,16.27,95.8,0.718,97.2,94.7,0.977,2.059,0,0.545,232.1,36.13,284.3,145,0.639,1.817,0,0.628,0.991,2.274,0.388,0.371,62.09,29.57,358.3,1.545,0,0,0,0,0.812,1.184,0.586,0.128,0,0,0,0,13.42,13.55,13.22
"2018-10-01 12:40:00",28577,957,0.328,958,956,17.19,0.188,17.49,16.81,93.7,0.885,95.3,91.6,2.49,3.767,1.69,0.574,236.7,6.401,251.7,225.8,2.237,3.63,1.345,0.584,2.305,4.022,1.492,0.546,65.15,7.415,80.3,51.44,1.182,2.633,0,0.842,1.819,3.069,0.908,0.576,0.598,3.351,0,0.942,13.53,13.64,13.42
"2018-10-01 12:50:00",28578,957,0.232,957,956,17.66,0.106,17.77,17.42,91.8,0.581,92.9,90.6,4.047,4.644,3.305,0.238,232.1,9.38,251.3,212.2,3.813,4.418,3.078,0.243,3.851,4.574,3.332,0.238,50.68,9.23,68.76,35.89,3.169,4.142,1.878,0.454,3.374,3.988,2.793,0.227,2.979,4.106,1.842,0.416,13.54,13.61,13.42
"2018-10-01 13:00:00",28579,957,0.225,958,956,17.67,0.069,17.76,17.49,90.8,0.463,91.7,89.7,4.083,5.013,3.305,0.469,210.7,8.77,227.2,197.2,3.848,4.733,3.078,0.487,4.099,4.942,3.332,0.451,30.07,7.853,44.86,14.79,3.526,4.896,2.633,0.561,3.782,4.77,2.793,0.448,3.418,4.86,1.842,0.568,13.46,13.61,13.29
"2018-10-01 13:10:00",28580,957,0.257,958,956,17.45,0.068,17.56,17.29,92.8,0.788,94,91.3,5.299,6.214,4.598,0.351,206.7,2.77,214.7,199,5.12,6.073,4.418,0.38,4.9,5.816,3.562,0.428,26.03,2.773,34.56,17.39,4.09,5.651,3.387,0.568,4.089,4.816,3.069,0.301,3.713,4.86,2.597,0.442,13.31,13.33,13.23
"2018-10-01 13:20:00",28581,957,0.24,958,957,17.17,0.08,17.35,17.01,94.7,0.68,96.1,93.8,6.551,7.137,5.937,0.3,206.1,2.248,210.9,202.9,6.378,7.019,5.758,0.308,6.249,7.104,5.586,0.369,26.58,2.374,32.11,21.76,5.982,7.16,4.896,0.483,5.635,6.838,4.08,0.643,5.42,7.124,3.351,0.759,13.2,13.25,13.15
"2018-10-01 13:30:00",28582,957,0.245,958,957,16.87,0.077,17.01,16.74,95.8,0.435,96.7,95,7.362,8.15,6.952,0.249,209.5,1.589,213.1,193.3,7.186,7.965,6.625,0.258,7.081,7.656,5.586,0.273,29.57,1.392,39.32,20.38,6.56,7.16,4.896,0.459,6.54,7.206,4.632,0.437,6.319,7.124,4.106,0.524,13.28,13.32,13.17
"2018-10-01 13:40:00",28583,957,0.3,958,956,16.96,0.048,17.01,16.88,96.7,0.252,97.1,95.9,8.07,8.48,7.506,0.225,214.9,2.937,219.7,207.9,7.952,8.36,7.492,0.208,7.597,7.978,7.058,0.118,35.45,4.017,43.64,27.74,6.755,7.914,6.405,0.379,6.66,7.206,6.057,0.262,6.379,7.124,5.615,0.431,13.41,13.86,13.26
"2018-10-01 13:50:00",28584,956,0.344,957,955,17.3,0.208,17.63,16.95,95.8,0.986,97.2,93.5,8.5,9.12,7.506,0.4,215.8,1.569,221.3,204.7,8.41,9.07,7.492,0.397,8.24,9.13,7.38,0.436,39.02,2.481,48.15,32.75,7.46,8.67,6.405,0.532,6.766,8.03,5.505,0.476,6.412,7.878,5.615,0.607,14.15,14.74,13.63
"2018-10-01 14:00:00",28585,955,0.405,956,955,17.98,0.203,18.38,17.63,93.6,0.525,94.6,92.3,8.23,9.08,6.583,0.449,215.7,5.405,230.7,199.2,8.12,9.07,6.31,0.44,7.633,8.58,5.678,0.603,37.06,6.42,58.35,18.96,6.526,7.914,4.142,0.692,6.113,7.758,4.218,0.659,5.846,7.878,4.106,0.712,14.44,14.65,14.18
"2018-10-01 14:10:00",28586,954,0.343,955,954,18.71,0.22,19.12,18.37,90.3,2.327,94.3,86.5,6.638,8.06,5.937,0.45,230.6,5.414,246.8,209.1,6.518,8.04,5.837,0.464,6.481,7.978,5.77,0.353,56.35,7.126,80.1,36.42,5.682,7.16,3.387,0.694,5.2,6.838,2.839,0.898,5.026,7.124,2.597,0.883,14.56,14.74,14.28
"2018-10-01 14:20:00",28587,954,0.247,954,953,19.4,0.14,19.67,19.12,85,1.302,87.9,82.3,5.404,6.583,4.506,0.401,218.1,7.153,237.4,188.9,5.277,6.467,4.418,0.411,5.431,6.874,3.838,0.406,41.72,8.26,58.84,1.545,4.923,6.405,1.878,0.755,4.942,6.149,2.839,0.694,4.693,6.369,2.597,0.73,14.44,14.73,13.79
"2018-10-01 14:30:00",28588,954,0.26,955,953,19.85,0.119,20.08,19.6,82.2,1.26,84.8,79.58,4.768,5.983,2.29,0.704,192.8,10.34,214,162.1,4.775,5.994,2.842,0.502,4.636,6,2.596,0.739,16.02,11.89,358.7,0.858,4.387,5.651,2.633,0.617,4.364,5.643,2.425,0.62,4.244,5.615,1.842,0.607,13.99,14.74,13.54
"2018-10-01 14:40:00",28589,954,0.317,955,954,19.95,0.083,20.08,19.81,80.7,0.794,82.2,78.83,4.179,5.29,2.521,0.509,181.1,6.641,198.4,156.6,4.518,5.521,2.842,0.398,4.269,5.724,3.148,0.568,5.965,12.4,358.7,1.055,4.649,6.405,3.387,0.604,4.855,6.195,2.977,0.598,4.749,6.369,3.351,0.64,13.58,13.62,13.5
"2018-10-01 14:50:00",28590,955,0.34,956,954,19.59,0.104,19.81,19.46,82.8,0.777,84.1,81,5.128,6.767,3.582,0.648,179.7,4.558,192.9,168.3,5.842,7.176,4.339,0.503,5.015,6.644,3.654,0.542,3.096,17.34,358.7,0.662,5.641,7.16,4.142,0.544,5.445,7.068,3.666,0.77,5.704,7.124,4.106,0.55,13.35,13.51,13.23
"2018-10-01 15:00:00",28591,956,0.287,956,955,19.38,0.039,19.46,19.33,85,0.456,85.9,84.1,4.35,6.398,2.659,0.75,175.5,3.641,189.1,163.5,5.119,6.625,3.63,0.735,4.555,6.23,3.194,0.614,356.6,8.71,358.7,0.858,5.066,6.405,3.387,0.704,4.203,6.424,2.701,0.811,4.996,6.369,3.351,0.638,13.22,13.25,13.16
"2018-10-01 15:10:00",28592,956,0.255,956,956,19.38,0.044,19.46,19.33,83.3,0.56,84.8,82.6,2.467,4.275,0.997,0.707,166.6,7.32,182.7,142.1,2.633,4.497,0.872,0.954,2.707,3.976,1.17,0.741,349,10.21,358.7,1.153,2.434,4.896,0,1.19,2.394,3.758,0.77,0.627,2.397,4.106,0,1.28,13.22,13.32,13.15
"2018-10-01 15:20:00",28593,956,0.323,956,955,19.71,0.143,19.87,19.46,82.9,0.793,84.3,81.5,0.843,2.105,0,0.433,84.3,44.43,356.2,2.526,0.591,1.975,0,0.432,1.183,8.12,0.618,0.715,258.8,43.11,343.6,122,0.102,1.878,0,0.327,0.835,1.736,0,0.399,0.113,1.842,0,0.339,13.36,13.39,13.29
"2018-10-01 15:30:00",28594,955,0.28,956,955,19.77,0.109,19.87,19.46,81.7,0.486,83,80.9,3.191,8.24,1.459,1.619,55.85,14.12,89,23.72,2.96,7.965,1.108,1.58,3.196,8.53,1.032,1.646,236.2,13.53,267.3,207.6,2.82,7.914,0,1.797,3.007,8.49,1.322,1.671,2.648,8.63,0,1.846,13.28,13.32,13.23
"2018-10-01 15:40:00",28595,956,0.47,957,955,17.54,0.881,19.46,16.47,88.9,4.25,94.3,82,9,12.12,6.444,1.148,35.44,6.096,49.82,16.46,9.01,12.14,6.31,1.106,8.93,11.8,6.552,1.073,218.4,6.485,234.4,199.8,8.69,11.69,5.651,1.136,8.62,11.25,5.735,1.071,8.64,11.65,5.615,1.1,13.24,13.29,13.17
"2018-10-01 15:50:00",28596,957,0.403,958,956,16.05,0.308,16.53,15.38,95.3,0.562,96.3,94.3,11.7,15.58,7.091,1.34,45.45,7.768,67.67,20.28,11.93,15.53,6.073,1.603,11.4,15.2,7.196,1.5,228.9,8.8,252.5,204.9,10.89,15.46,7.16,1.604,10.51,15.57,6.608,1.724,10.58,16.18,6.369,1.768,13.11,13.2,13.04
"2018-10-01 16:00:00",28597,958,0.347,959,957,14.3,0.597,15.38,13.47,95.6,0.836,97.2,93.9,14.46,17.75,7.875,1.482,43.73,6.223,64.58,20.09,15.07,18.53,9.15,1.608,14.38,17.73,8.85,1.542,227.4,6.7,246.7,202.4,14.37,16.97,9.42,1.582,13.92,17.73,8.03,1.822,14.12,18.44,8.63,1.863,13.16,13.25,13.04
"2018-10-01 16:10:00",28598,959,0.397,959,957,13.14,0.162,13.47,12.86,97.8,0.368,98.6,97,14.54,17.48,8.89,1.486,40.26,4.873,55.22,18.32,14.64,17.34,8.52,1.614,14.12,17.22,8.9,1.617,223.8,5.236,239.1,204.9,13.81,16.97,8.67,1.718,13.3,17.09,7.987,1.724,13.42,16.93,7.878,1.751,13.23,13.29,13.15
"2018-10-01 16:20:00",28599,959,0.304,960,958,12.68,0.087,12.93,12.52,98.6,0.326,99.3,98,14.13,17.06,11.38,1.068,35.98,4.811,47.86,13.71,14.16,17.97,10.64,1.235,13.99,17.45,9.08,1.349,219.3,5.232,234.3,201.5,13.88,17.72,8.67,1.495,13.43,16.95,8.81,1.517,13.57,16.93,8.63,1.565,13.25,13.32,13.14
"2018-10-01 16:30:00",28600,960,0.275,960,959,12.49,0.04,12.59,12.45,99.2,0.324,99.8,98.6,13.78,18.17,8.52,1.81,35.17,6.164,58.65,18.08,13.77,18.21,8.83,1.883,13.55,17.96,8.81,1.799,217.9,6.211,234.8,201.5,13.29,17.72,8.67,1.896,12.95,17.32,8.68,1.861,13.04,17.69,8.63,1.881,13.13,13.17,13.08
"2018-10-01 16:40:00",28601,960,0.299,961,959,12.42,0.034,12.45,12.38,99.6,0.194,99.9,99.1,12.96,17.25,8.84,1.69,32.8,5.643,51.59,9.4,13.16,17.03,8.91,1.845,12.8,15.94,8.94,1.565,215.5,6.045,232.6,195.7,12.64,16.21,8.67,1.52,12.25,15.39,8.22,1.431,12.32,15.42,8.63,1.462,13.09,13.14,13.03
"2018-10-01 16:50:00",28602,960,0.341,961,959,12.19,0.14,12.39,11.84,99.4,0.315,100,98.4,14.01,17.62,10.88,1.443,30.54,5.906,48.55,14.55,14.17,18.84,10.41,1.737,13.84,17.73,10.23,1.517,213.3,6.398,237.6,197.3,13.68,18.48,9.42,1.685,13.28,18.79,8.68,1.732,13.32,19.2,8.63,1.78,13.09,13.16,12.99
"2018-10-01 17:00:00",28603,961,0.389,962,960,11.43,0.212,11.84,11.09,99.3,0.447,100,98.3,16.14,19.09,11.75,1.426,34.41,3.969,50.27,19.21,16.36,20.42,11.98,1.791,16.2,19.11,11.8,1.456,218.2,4.675,235.6,195.9,16.14,19.23,11.69,1.442,15.9,18.88,11.99,1.336,16.03,19.2,11.65,1.369,13.04,13.07,12.98
"2018-10-01 17:10:00",28604,961,0.316,962,960,10.9,0.137,11.16,10.68,99.9,0.236,100.6,99.6,16.97,20.66,11.57,1.756,26.54,3.981,39.13,16.07,17.44,22.07,10.64,2.179,16.99,21.13,12.62,1.727,208.8,4.317,222.1,197.2,17.08,21.5,12.44,1.765,16.84,21.09,12.49,1.682,16.9,21.46,12.41,1.717,13,13.02,12.95
"2018-10-01 17:20:00",28605,962,0.254,962,961,10.68,0.065,10.75,10.55,100.4,0.148,100.7,100,13.73,16.6,9.49,1.484,27.91,4.164,41.48,13.91,13.75,16.95,9.07,1.74,13.65,16.63,9.27,1.45,211.3,4.935,228.5,193.1,13.8,16.97,9.42,1.495,13.46,17.09,9.32,1.514,13.58,16.93,9.39,1.557,12.98,13,12.94
"2018-10-01 17:30:00",28606,962,0.257,963,961,10.32,0.144,10.55,10.14,100.4,0.304,101,99.7,16.39,19.97,12.72,1.592,27.01,4.83,38.39,11.65,16.68,20.89,12.22,1.93,16.25,19.66,11.75,1.658,210.3,5.586,227.2,192.1,16.25,19.99,10.93,1.783,15.9,20.22,11.71,1.747,16,19.95,11.65,1.738,12.96,12.98,12.92
"2018-10-01 17:40:00",28607,962,0.273,963,961,9.96,0.092,10.14,9.8,100.7,0.168,101.1,100.3,17.97,21.22,12.86,1.378,25.53,4.104,38.15,8.9,18.43,22.23,12.22,1.663,17.97,21.55,13.91,1.281,209,4.494,221.7,196,18.06,21.5,13.95,1.327,17.55,21.27,14.15,1.251,17.64,21.46,13.91,1.283,12.95,12.97,12.91
"2018-10-01 17:50:00",28608,962,0.286,963,961,9.71,0.046,9.8,9.66,101.1,0.14,101.4,100.7,16.85,20.85,12.68,1.317,21.37,4.127,40.6,7.041,16.78,22.23,11.75,1.855,16.59,20.67,12.9,1.219,204.9,4.71,221.6,189.2,16.46,20.74,12.44,1.338,16.03,18.93,11.21,1.436,16.07,19.2,10.9,1.471,12.94,12.96,12.9
"2018-10-01 18:00:00",28609,962,0.33,963,961,9.66,0.018,9.73,9.59,101.4,0.125,101.7,101.1,16.83,21.03,12.86,1.572,18.01,4.547,34.17,5.029,16.69,21.28,11.59,2.044,16.41,20.63,12.53,1.653,200.8,5.023,221.2,185.5,16.04,20.74,10.93,1.906,15.66,20.26,11.25,1.794,15.61,20.7,10.14,1.866,12.93,12.95,12.89
"2018-10-01 18:10:00",28610,963,0.333,964,962,9.74,0.038,9.8,9.66,101.5,0.095,101.7,101.3,12.89,17.38,9.54,1.632,20.52,4.948,36.09,4.784,12.63,17.58,8.67,1.832,12.56,17.41,9.45,1.687,203.1,5.519,218.4,188.1,12.41,16.97,7.914,1.72,12.32,17.14,9.5,1.59,12.31,17.69,9.39,1.591,12.91,12.92,12.88
"2018-10-01 18:20:00",28611,963,0.313,964,962,9.77,0.034,9.8,9.66,101.6,0.085,101.7,101.3,15.14,18.45,11.43,1.158,17.55,4.039,30.59,6.108,15.03,18.68,10.64,1.622,14.82,17.5,11.06,1.143,200.5,4.083,214.6,185.9,14.55,17.72,10.18,1.273,14.02,17.87,10.79,1.181,14,17.69,9.39,1.256,12.91,12.92,12.87
"2018-10-01 18:30:00",28612,963,0.316,964,963,9.8,0.008,9.86,9.73,101.7,0.066,101.9,101.5,15.56,19.28,11.75,1.311,16.65,4.551,31.77,4.097,15.37,20.65,9.7,1.812,15.23,18.79,11.8,1.311,199.6,4.627,214.7,187.5,14.88,18.48,9.42,1.518,14.61,17.6,10.84,1.41,14.54,17.69,8.63,1.516,12.9,12.91,12.85
"2018-10-01 18:40:00",28613,963,0.344,964,963,9.84,0.032,9.86,9.73,101.8,0.097,102,101.6,14.99,19.28,10.46,1.924,18.07,4.572,32.21,3.41,14.85,20.34,8.91,2.464,14.71,18.93,10.05,1.863,200.5,4.813,215.1,186.8,14.37,18.48,9.42,1.774,14.08,17.14,9.96,1.542,14.04,17.69,10.14,1.573,12.89,12.9,12.85
"2018-10-01 18:50:00",28614,964,0.293,964,963,9.87,0.022,9.93,9.8,101.8,0.079,102,101.7,14.63,19.14,10.14,1.858,15.52,5.66,355.5,1.889,14.22,20.1,8.12,2.431,14.22,18.93,9.4,1.929,198.6,6.494,219.8,182.4,13.61,18.48,8.67,1.978,13.61,18.38,9.69,1.68,13.28,18.44,7.878,1.846,12.89,12.9,12.84
"2018-10-01 19:00:00",28615,964,0.268,965,963,9.87,0.02,9.93,9.8,101.9,0.079,102.1,101.7,15.54,19.65,11.15,1.755,13.59,4.511,358,1.644,15.02,20.73,8.91,2.438,15.07,19.02,10.51,1.806,195.9,4.514,210.4,181.4,14.18,19.23,8.67,1.964,14.44,18.74,10.38,1.761,13.93,19.2,9.39,1.886,12.88,12.89,12.83
"2018-10-01 19:10:00",28616,964,0.238,965,963,9.93,0.011,9.93,9.86,102,0.056,102.1,101.8,14.33,17.89,10.41,1.367,11,7.625,357.5,1.153,14.08,19.16,7.649,1.949,14.04,17.59,9.73,1.272,193,5.06,209.1,175.2,12.88,16.97,9.42,1.598,13.56,17.27,10.24,1.377,12.68,16.93,7.878,1.844,12.87,12.88,12.82
"2018-10-01 19:20:00",28617,964,0.305,965,963,10.02,0.052,10.07,9.86,102.1,0.052,102.2,101.9,12.02,15.21,8.15,1.383,11.67,5.425,357.4,1.644,11.68,15.85,7.334,1.934,11.67,15.11,7.978,1.398,194.3,5.233,209.3,179.6,10.69,14.7,7.16,1.596,11.15,14.79,7.896,1.333,10.65,14.67,6.369,1.652,12.87,12.88,12.82
"2018-10-01 19:30:00",28618,965,0.252,965,964,10.08,0.031,10.14,10,102,0.066,102.1,101.9,10.99,14.11,8.06,1.033,12.66,8.36,358,0.76,10.3,13.56,6.94,1.383,10.79,13.13,7.84,1.06,195.4,6.33,215.2,175.4,10.2,13.2,6.405,1.48,10.82,13.41,8.36,0.963,10.46,13.91,6.369,1.41,12.86,12.87,12.81
"2018-10-01 19:40:00",28619,965,0.273,965,964,10.04,0.054,10.14,9.86,101.9,0.168,102.3,101.5,11.91,14.61,8.38,1.415,9.71,8.16,358,0.76,11.49,15.37,6.31,2.056,11.77,15.43,8.35,1.433,191.6,5.626,207.1,172.8,10.49,14.7,6.405,1.491,11.41,15.07,8.17,1.383,10.47,14.67,6.369,1.545,12.85,12.86,12.81
"2018-10-01 19:50:00",28620,965,0.261,965,964,9.7,0.185,10,9.39,101.6,0.334,102.1,100.7,13.14,15.72,10.18,1.177,8.45,11.61,358,0.76,13.15,16.71,8.52,1.72,12.86,15.75,9.96,1.273,189.9,5.179,207.9,172.8,11.06,15.46,7.914,1.458,12.19,16.4,9.09,1.381,10.67,16.18,7.124,1.686,12.85,12.86,12.8
"2018-10-01 20:00:00",28621,965,0.314,966,964,9.33,0.105,9.45,9.11,101.8,0.179,102.1,101.3,13.75,16.78,10.74,1.261,8.76,12.88,358,0.711,13.7,17.26,8.75,1.741,13.55,17.82,10.32,1.356,190,5.642,205.4,170.5,11.85,16.21,8.67,1.525,13.06,17.18,10.06,1.538,11.42,16.93,7.124,1.75,12.84,12.86,12.81
"2018-10-01 20:10:00",28622,965,0.242,966,965,8.87,0.111,9.11,8.71,101.7,0.256,102.2,101.2,13.36,16.74,9.81,1.192,9.65,9.53,358,0.76,13.11,17.11,8.12,1.642,13.09,16.81,9.54,1.154,192.4,4.646,211.1,180.1,11.67,16.21,8.67,1.445,12.58,15.71,9.18,1.112,11.62,15.42,7.124,1.694,12.83,12.85,12.79
"2018-10-01 20:20:00",28623,965,0.236,966,965,8.82,0.032,8.84,8.71,101.4,0.254,101.9,100.9,14.02,16.97,10.92,1.078,7.26,10.44,358,0.76,14.07,18.05,9.38,1.563,13.58,16.35,9.63,1.142,189.1,4.118,205.4,175.7,11.35,14.7,7.914,1.064,12.75,15.53,9.83,1.078,10.81,14.67,7.878,1.447,12.83,12.84,12.79
"2018-10-01 20:30:00",28624,966,0.339,967,965,8.88,0.035,8.91,8.77,101.4,0.145,101.7,101.1,13.39,17.15,10.69,1.139,6.44,13.31,358,0.76,13.53,18.21,8.04,1.57,12.9,15.38,9.59,1.034,187.9,4.402,198.8,172,10.72,13.95,7.914,1.075,11.98,14.84,8.72,1.126,9.95,13.91,7.124,1.319,12.82,12.83,12.78
"2018-10-01 20:40:00",28625,966,0.318,967,965,8.94,0.036,8.98,8.84,101.4,0.072,101.6,101.2,13.47,15.86,11.06,0.892,6.255,7.075,358,0.76,13.65,16.63,9.93,1.227,13.1,15.84,11.15,0.837,188.3,4.025,203.8,176.6,10.91,13.95,7.914,1.043,12.23,14.84,9.83,0.915,10.04,13.91,6.369,1.324,12.81,12.82,12.78
"2018-10-01 20:50:00",28626,966,0.343,967,965,8.98,0.021,9.05,8.91,101.5,0.146,101.7,101,13.56,16.51,10.97,1.133,6.077,10.69,358,0.76,13.72,17.74,9.07,1.572,13.13,16.58,10.28,1.202,188.3,4.687,200,172.8,11.04,16.21,7.914,1.248,12.24,16.49,9.04,1.279,10.35,16.18,7.124,1.565,12.81,12.82,12.76
"2018-10-01 21:00:00",28627,966,0.337,967,965,8.99,0.032,9.05,8.91,101.4,0.137,101.7,101.1,12.97,15.54,9.95,0.854,3.717,22.97,358,0.76,13.12,16.24,9.15,1.132,12.56,14.65,10.14,0.852,182.7,4.15,195,163.5,10.44,13.95,7.914,1.233,11.57,14.52,8.68,0.953,9.17,13.16,6.369,1.155,12.8,12.81,12.76
"2018-10-01 21:10:00",28628,966,0.321,967,965,9.06,0.027,9.11,8.98,101.8,0.094,101.9,101.5,12.73,15.72,10.64,0.96,4.509,19.17,358,0.76,12.83,16.79,9.62,1.154,12.2,15.38,10.05,0.875,184.7,4.198,200.1,171.5,9.78,13.2,7.16,0.994,10.92,13.78,8.54,0.835,8.69,13.16,6.369,1.177,12.79,12.81,12.74
"2018-10-01 21:20:00",28629,966,0.333,967,965,9.15,0.053,9.25,9.05,101.8,0.131,102,101.3,12.86,16.09,9.44,1.234,354.7,14.73,358,0,13.04,16.55,7.807,1.451,12.37,15.29,9.73,1.199,176.4,4.934,190.9,159.2,11.39,15.46,7.16,1.608,11.03,14.33,7.528,1.296,9.96,13.91,5.615,1.589,12.79,12.8,12.75
"2018-10-01 21:30:00",28630,966,0.284,967,966,9.28,0.035,9.32,9.18,101.9,0.077,102.1,101.6,12.03,13.65,9.26,0.652,354.6,14.99,358,0.76,12.15,14.03,9.38,0.734,11.46,13.64,8.16,0.821,176.5,4.205,191.4,156.7,10.59,13.2,6.405,1.238,10.37,12.95,8.08,0.901,9.35,12.41,6.369,1.389,12.78,12.79,12.75
"2018-10-01 21:40:00",28631,967,0.244,967,966,9.33,0.032,9.39,9.25,102,0.047,102.1,101.9,11.02,12.35,9.72,0.448,354.6,18.24,358,0.76,11.1,12.77,8.75,0.486,10.68,12.3,9.22,0.465,177.2,3.886,188.9,164,9.74,11.69,6.405,0.911,9.72,11.02,7.298,0.597,8.59,10.9,6.369,1.028,12.77,12.79,12.74
"2018-10-01 21:50:00",28632,967,0.259,967,966,9.37,0.033,9.39,9.25,102.1,0.04,102.1,101.9,12.32,13.97,9.77,0.795,342.3,3.567,352,333,12.41,14.11,9.38,0.837,11.64,14.19,9.54,0.753,164.7,4.086,177.2,153.6,10.55,13.95,8.67,0.881,10,13.55,7.436,0.923,9.87,13.91,6.369,0.981,12.77,12.78,12.73
"2018-10-01 22:00:00",28633,967,0.246,967,966,9.38,0.013,9.39,9.32,102.1,0.053,102.2,101.9,11.18,12.58,7.783,0.556,341.3,3.638,356.2,330.5,11.21,12.54,7.886,0.584,10.46,12.07,7.288,0.761,163.4,3.793,180.4,150.6,9.54,11.69,6.405,0.775,9.15,11.11,6.746,0.779,9.06,10.9,6.369,0.783,12.76,12.77,12.72
"2018-10-01 22:10:00",28634,967,0.235,967,966,9.41,0.035,9.46,9.32,102.2,0.048,102.3,102,11.55,12.63,10.18,0.355,338.6,2.246,346.4,327,11.56,12.77,9.86,0.369,10.88,11.98,9.27,0.4,161.2,3.209,175.3,145.8,9.61,10.93,7.914,0.636,9.2,11.25,7.114,0.762,9.09,10.9,7.124,0.803,12.74,12.77,12.69
"2018-10-01 22:20:00",28635,966,0.229,967,966,9.46,0.024,9.52,9.39,102.1,0.043,102.2,102.1,11.61,12.21,10.83,0.226,338.5,1.879,344,333.7,11.66,12.22,10.88,0.226,11.02,11.75,9.63,0.315,161,2.517,170.4,152.4,9.72,10.93,7.914,0.487,9.41,10.93,7.574,0.691,9.32,11.65,7.124,0.742,12.75,12.76,12.7
"2018-10-01 22:30:00",28636,966,0.326,967,966,9.49,0.035,9.52,9.39,102.1,0.047,102.2,102,12.3,13.18,11.2,0.413,337.9,2.109,342.6,331.2,12.34,13.17,11.2,0.408,11.56,12.39,9.54,0.404,160,2.607,167.7,146.6,10.17,11.69,8.67,0.643,9.73,11.07,7.941,0.634,9.62,10.9,7.878,0.693,12.74,12.75,12.71
"2018-10-01 22:40:00",28637,966,0.3,967,965,9.55,0.034,9.59,9.45,102.1,0.055,102.3,102,12.81,13.37,12.03,0.235,334,1.267,336.6,329.7,12.87,13.48,12.06,0.23,12.11,12.76,11.34,0.27,156,1.672,167.9,150.2,11.28,12.44,10.18,0.492,10.35,11.3,8.59,0.473,10.27,11.65,7.878,0.55,12.73,12.75,12.68
"2018-10-01 22:50:00",28638,966,0.309,967,965,9.58,0.025,9.59,9.45,102.1,0.042,102.2,101.9,12.82,13.32,11.94,0.179,332.5,0.967,335.5,329.6,12.91,13.24,11.91,0.173,12.07,12.76,11.29,0.272,154.9,1.384,159.4,151.2,11.48,12.44,10.18,0.449,10.26,11.25,8.26,0.369,10.18,11.65,8.63,0.473,12.73,12.74,12.69
"2018-10-01 23:00:00",28639,966,0.301,967,965,9.66,0.039,9.73,9.52,102.1,0.05,102.2,102,12.92,13.37,12.49,0.192,333.5,1.214,336.4,331.1,13,13.32,12.54,0.199,12.49,12.95,11.93,0.187,155.7,1.517,160.8,151.7,11.86,13.2,10.18,0.577,10.74,11.53,8.13,0.401,10.64,11.65,7.878,0.499,12.72,12.73,12.68
"2018-10-01 23:10:00",28640,966,0.324,967,966,9.78,0.027,9.8,9.66,102.1,0.095,102.4,101.9,12.03,13.09,10.92,0.501,340.1,2.364,354,327.4,12.08,13.24,11.12,0.511,11.41,12.3,9.31,0.513,163.4,2.669,176.1,145.7,10.32,11.69,7.914,0.551,9.74,11.3,7.482,0.675,9.6,10.9,6.369,0.729,12.71,12.72,12.68
"2018-10-01 23:20:00",28641,966,0.28,967,966,9.74,0.031,9.8,9.59,102,0.057,102.1,101.9,10.6,11.57,9.77,0.486,341.9,1.947,352.6,336.9,10.6,11.59,9.78,0.49,9.96,10.88,8.48,0.496,166,3.081,178.6,157.2,8.97,10.18,6.405,0.692,8.31,9.92,6.424,0.735,8.12,10.14,4.86,0.86,12.71,12.72,12.68
"2018-10-01 23:30:00",28642,967,0.242,967,966,9.66,0.019,9.73,9.59,102.2,0.054,102.3,102,9.94,10.97,7.46,0.525,345.4,2.192,356.4,338,9.93,10.96,7.807,0.507,9.04,10.19,6.69,0.599,170,3.276,183.2,161.8,8.09,9.42,4.896,0.7,7.439,9.09,5.827,0.617,7.259,9.39,4.86,0.749,12.7,12.71,12.67
"2018-10-01 23:40:00",28643,967,0.251,967,966,9.61,0.035,9.66,9.52,102.2,0.05,102.4,102.1,8.64,9.72,7.229,0.487,348.7,3.234,357.5,339.1,8.64,9.54,7.098,0.498,7.699,8.85,6.414,0.487,172.6,3.629,183.7,162.2,6.703,7.914,4.896,0.629,6.2,7.39,4.999,0.45,5.817,7.878,4.106,0.743,12.7,12.71,12.66
"2018-10-01 23:50:00",28644,966,0.232,967,966,9.55,0.034,9.59,9.45,102.2,0.037,102.4,102.1,8.67,9.44,7.829,0.29,349.6,1.796,355.4,0.76,8.66,9.46,7.886,0.301,8.14,9.5,6.506,0.373,172.9,2.649,183.6,159.8,7.298,8.67,5.651,0.521,6.752,7.941,5.137,0.455,6.467,7.878,4.106,0.721,12.7,12.7,12.63
"2018-10-02 00:00:00",28645,967,0.238,967,966,9.59,0.011,9.59,9.52,102.2,0.051,102.3,102,8.05,8.61,6.814,0.301,359.5,23.04,358,0.76,7.851,8.6,5.6,0.492,7.614,8.3,6.69,0.33,180.3,4.913,195.1,164.6,6.41,8.67,4.142,0.961,6.68,7.85,5.735,0.424,5.473,7.878,4.106,0.953,12.69,12.7,12.66
